$ANSIBLE_VAULT;1.1;AES256
33373738373336646162353337366562353661363232383237396464643032623433613966653563
3765306362306637383734393539633432386335306462660a353265323330323336623432363832
66613433636564363863383736333836303632336565313634313239313430383336623934333538
3063633763336332660a356537386531356366383165636539353464383835373734366331373762
63376138343130373632626363353135653565383239346235633035333737366636303333633433
37323265323133373264643539623436666238636535366130323931306630333530643161356662
39363561303230373435613839626530616662626664353962366435383663396139353038373735
64633332663163376335613336366362623462336532343131613732336530313766643835326666
38656636383438663830316633353339316632363438373032386231663064636663326331376433
35323237356134323166346639376133633438663935373636316231356435616430373234373933
35393163653938323863336264333838613764303038366232303962316164353062383233613631
39333431666637393362633937663232363632373235383635653064373163393833373931393730
62613762626165646338373634323466663562326433623139663363366262646563376537323230
30316232393337663762313864636235346437363237666162303536306132636365373730666162
64313138643538356263353432643439633130666532373538633630316163646532353466303438
62386666663932666165326538373961323062613735313562663739383337343832613930306364
39306638353237373534383761366564396463646464373236376464363836663636343133656464
31326363653038653034323338653565343763346332303165313935303061643034613862303630
36356432643937333933376239343163356266343132393536393432636337333264663031373031
34323264343264653931343135643134353038353333306130376265393431383961343163376563
64653738626237313161333330303563323562383761633831663335356334323335616362393430
65363334626332656238343365643638363338663561386531373766346538616334613363623134
32373437336465663766376537386565353536313631656334333165623539376431366631303962
32646464376634623662613766343462363137376330316532363362633338363935343366343337
33613232626264613730626435346163316535353135303730643139386239346334613533376261
34613430646138643031656634303863373033613662626566393433346264626661633336343931
39326232653662383731323632303433326662623465323031333835323936353663326239383530
66373937643130633732
