$ANSIBLE_VAULT;1.1;AES256
33386165646230373664636135393336633532623437643038313564353430356365643932636465
3034646633393439616430326139353435666637656461660a353935356135356132373162643165
61366536666538613663633566633665306164653831623739313735646262303539353561303836
3438333936343864320a623466666632396339666437643839613666623365663462383230656665
61363539316633373763316461313232313263383632343963353439393966323030363139373131
35616534343035316438656165616633306435386136316632383265313062323430613832626130
64353137626464616531353561396561626539383462383266643538626331653137383532643564
39383766666236633066333237653333613139396635386633363834313436613765336236663438
61326436363965346461633161316330323637373561626338323432366539386631623065386235
35336434303739313436306266613738643631376463306634383666323966306532316665306632
38303036636435663261363731393330646563613865663136663032313430383839623830653336
63383762366431393763626636616134323035613736653539343836653238613565333262323566
33623939343937323433363035316634643038396632313534643132343430666534346434363236
62613237396336643838336166356662636230313032316533333531633139396135336231323236
64383533306337613830336433326331323364306135343562643666663064396661633730626332
35633138366636323533666137346131306134353465636131356464643230353762326432623336
65383731626436346330663263636230643965303461663533636362646236663662386263306332
34313062353536326339626561633162663463366638303531386466643938646431653135386135
35653134613239383332666437356635653831343039663230393837313735303339623139653430
34363962313332663964
