$ANSIBLE_VAULT;1.1;AES256
31656134306261653636353934656362303836343164313330383238373431366334323661353235
3436326630356463333831326366626539633463363530620a383865346164363264346635366539
38626131333066616633343635653235653161366138656430663333386166653166316563623531
6434336262663332630a333166383961653364666161333930396331646635313065366235636333
63616562643735333531363563386531633537366134336666656237356233633937363937313832
31613133666338303865643662346533626135643764366334636538643363623466386632386133
66613330666632666466386564663837333832383566303038363035313930663838646530353961
64313861633765663533626639656232633562333334636536313861613632366230366132383534
33353462363465313434653064353738346137656531353866363832306564323035313438616438
65613466343361653932333838643538393266353830363337653936316436336236376639313831
64373964663836363730316163633132626536303031336665393963653033303063386236646266
62373236316232306465376366393262363162643233663138393630393732336139613061636132
36346439623837663434323166633962333966393766633633373036316164646161663565636438
62643463306462633439663164646630666666633636633730306231626339623434306338663737
30366565356130366437616138663935373337653938623563396565313563373637363037626636
62373666663933326337396239653737643964343730633564656661653437386661643565376635
62353562663964376363363130396366343736376539613466333166363134623661323266656535
62613066623136356562636163383032613738383566643530306532623833393232323166666163
36343361613166663963653861306332396466316530616635313733643264636633613366313034
39346339383333343639333835653763353531383061343031646330326139396632363832353337
37323066643735656366663034663663353264626435326633393036623433663330353639626438
63373563343964363432323966626563633063356636333430326331336262366263383835633637
36663964646564366230306135313864623962363330616264353235636333623933663135653632
37343165636433363130336261636635633063626364396664633965393664393833636362346236
37346461343938646462636566646537666663633762373733613065336363316637633033663137
64386666653030633130666430613862356337633864626430663031383032633133303136356666
62313763376638333737613237333962353865613566376438636238323266643834373437323338
31663937623066613537
