$ANSIBLE_VAULT;1.1;AES256
39643638356464366437333934623539636336633561363837396563303032663165623966393830
6561353834386438326133646639373534356431376131320a313163363964303536376337323761
39663237333866653564313737613038326462643139353139353434613264376533393137653564
3462303261363464640a656264663233643535633962336161343166313361626666643361393065
33653530613435663163303032313664633830623531663833653930663962393265383431636232
64366162643264303936396263313065386166373936326639356633626133623766333135343737
36646133643266373633346332306234343132386363633435373666356663386665626164356430
62343832303434663732393938393436626663653131373638643764356561356431366637336435
30346632336566333666633739333932306363656432646636653238326664373864623334353565
62346261353261623464663062316166333830386639383030306436653066336565663061393361
64306335363139346430363565303661363930333636656362653535363931646564396634653633
31303431626532393730326263333037373633366563653037353964313132326463616439616634
65643234393865363234313165636133623330616361363031353866326461386366353539656138
63363462656237383562303039616266393164643434356462333033376234336638353161326630
31303338393632356134333334373835643363323433636235393536643033346435306233383764
30356235343139353830363739613437366534343036643263613964636431646363373630303462
35643137366434666432303162303037386637363965656162383639386462613235363163633963
36363038623037653035333736343463633231383134653938383938373538386436326637386638
66383336626432393637313138616361383737333862643636396461366532653231353763376664
66303138363166323564313333616361303833333232313663316534373964323232663138626138
38613332366438346266666332376437343931393238363436396461303439323732353962626237
37386466646364343661336136373637316232623433356632316238346163323866653333363431
36313865346261343166653265616136333335333934666264306462343838616538353033613464
33363131353330373833396166643531353763613830303139366430316531653032613537376236
37383831623837396261663231366239326430393464383965383738393331313837
