$ANSIBLE_VAULT;1.1;AES256
32346135343563616462323264626534323237663965313931303536646263653238313731626234
3236313339326232313262613161636366396638346334350a666461303566393061303531386138
31626235353335303332653135326130336331383039343565363264366664363231366432373162
6539336436646230300a663133393134626338663935313735323636366534643534386636623461
36303433323133353563633133356333303839333639633062393833633363643361343837343264
34303635623333663138373661353535356139666137303166626537323632646238306436363938
30353735326237396335613931316537333537393633656161306463393164643933343862613666
65386335346233376365376635646465323138353665343935346662633633643961656166373664
39623537623336323639313665373361663839393830663635396332646538353536343939373131
34343863346639373934353962303230643730346236333963663966363165653366306537323537
30326537633335313739363734336433343962326265313962653037306365653830306266386561
39656532376166666239383839346164646362316534373139383037333931363539373332666632
38316662666431343736396234356234613432353431373364623936366631353839313762386666
64326632303332653462366639643665663763346537643132623735376231323434346634356564
61356134326466313833323733336431373233343832356332656130653738636466626665353934
30353439656263346232396533623537666636336165323161336662303739653634393561663933
65623834376165313735653236343266663362393538336265343561653761383334666530653436
30373165363961306338633336366433393764306237613733323237373562336637663038346231
36656261626239383430323834343261343932346232653236326634356536376232643433306164
36663931333464393731383366663265623666386465326139373865346137346638353361613761
31653336633131636163666465373730666635396533323335373934656338343031616332633133
33663339346632636366313439326533376136653161656533373039373632356132316232663838
65363064646239376665323532396637356531643932666363613536623231393831373335396563
36616139623137316333326233656661613864383766346339336164613836363762376332376235
65643764383162323465393630383630353630306236353266373138353463346635
