$ANSIBLE_VAULT;1.1;AES256
35646134636364343064393638356665356535363631666333663330363532353064376233386365
3064663630616632616331643332653937363837656662300a653263373137623037356134353136
33386339363234376136663531616563636534336234323033363266333834316336353133623962
3739356236313234310a353765303636666134386566313937626266333233356437386361376261
31323730323964303131353537656632326461376334323636643537636362353764303532613530
64636234383731383536663034623466353866616235656161623938313938656164376233363663
62373734646364313166353431646430323731643532633134626464636535333635646565656130
64646665386438643561366236393538313534663565363031643834653762306162343339323137
64363965373737366262306462613563346662633239336338646230393130333430383230646265
61366138316363666630653062303636303836663166373032636432663836613138396434663861
66646566333666333937333766646165366133633038303161353963323937623037373264366561
34653033306534356333303865646333306334303638383835396339326135363834383261333733
36376261323066633766646561333235353733643337346535316632656130636462346635396435
3030333161313436613564353661633637303138653264313439
