$ANSIBLE_VAULT;1.1;AES256
30666239653839343266333764643332626436336136393536393434333230356336626635306634
3137663564336166393938303762393234336635336633610a663765363639666466373864633233
66306436333965623534643266333363396363643365613164343737323033313432663963323135
6338666465643865660a323232353037373630346366636232613761353638623035363961326236
34303332333063363636326537643234313165633565623562646462646261313334313735373030
61646135333031313735373731643833313737643434383639333364373766663663326238366264
65323061613366396662393437353935643761383031643961373436333131336131326463383862
64363834636565333335316566306565623362376566656432383835653434346336383539636666
63626131333936336431303231663936336331383666313061623530666432353838373966333339
64393833313133383836666366613735313463336164323632633635323734623466656433643065
30326661366463633533366231623838303531653836373966346637313065323935326239336137
34363835386433616235333035326636646661333766653064353265626132383364653263643231
62613037396334383132653933343962316566323230636234373030336134323631343336353863
61613865343535323961623236356465316166623339373063353334396236623965386465386165
33313132623839363461646239643763656563316465633537323030646362653332663837653433
64323336333866643739316266316439366431303631313666653464363839636639306533386163
33373831663531343237303238613436316432333137343730313833386435393366306561643032
39393730313066623039666635623034366638373866623332303534663830316234396565626663
35613831613463363464393565623833623735356638353964396464336365636139636563643862
61656535653263653838386661653536386239303938616139613732623865323431643363366663
66333364613833626538656232646537343636343436636266303138386232346330643036656338
34613662363565313363666534613966646664383465626664376165336532393935623338306363
613034366238333466343164633637353663
