$ANSIBLE_VAULT;1.1;AES256
39623362393966303961373838306136323932313364643935323964396431393264363265636631
6262643930653034616534353538336439646233633431630a613735633661346561623263363136
66303436343333666431633138646335376531626236666366336262386330303833643962383963
3162336161656231630a373564336437343337373834623338623036616464666332393762303033
30306230653732386566353037663362303861663630376662353638386262323737386264306232
33393133666661303964626635636538633330336361663865313239653135303866323636393462
34396334303232656166306534323433353461343837333234343537333862633133333965396161
33653337383737366533643037643236303736333632626562313962613138316261336338333931
31646237613064366663613565653938386561643562633938306530323838333262386636626462
61386539336637333136363837653965366561386138663334626234313230646461323931646632
61353934356436613065316634316631346463393833633439386166373837343636623861633166
34666438323232363237
